0,0.35,0,0,0,0.36,0,0.34
0.35,0,0,0.04,0.65,0.42,0,0
0,0,0,0.3,0,0,0.21,0.19
0,0.04,0.3,0,0.33,0,0.16,0
0,0.65,0,0.33,0,0.18,0.23,0
0.36,0.42,0,0,0.18,0,0.22,0.2
0,0,0.21,0.16,0.23,0.22,0,0.25
0.34,0,0.19,0,0,0.2,0.25,0
